6.000000 -0.260100 -0.585600 0.516100 6.000000 -0.249286 -0.595471 0.521007
7.000000 -0.307900 -0.555600 0.517100 7.000000 -0.299050 -0.566856 0.519257
8.000000 -0.346900 -0.527100 0.517700 8.000000 -0.340191 -0.539321 0.517968
9.000000 -0.379700 -0.498600 0.518800 9.000000 -0.375010 -0.512110 0.516804
10.000000 -0.415900 -0.462700 0.520000 10.000000 -0.414345 -0.476954 0.515663
11.000000 -0.453100 -0.412100 0.523900 11.000000 -0.458570 -0.429120 0.515100
12.000000 -0.479300 -0.378500 0.523400 12.000000 -0.485480 -0.394896 0.514400
13.000000 -0.507600 -0.328800 0.526500 13.000000 -0.503337 -0.332939 0.530475
14.000000 -0.527800 -0.290700 0.526900 14.000000 -0.525496 -0.294882 0.529803
15.000000 -0.543800 -0.253900 0.528100 15.000000 -0.543528 -0.257788 0.529829
16.000000 -0.564000 -0.201800 0.529400 16.000000 -0.564169 -0.206216 0.530167
17.000000 -0.581400 -0.153100 0.527400 17.000000 -0.579377 -0.156806 0.530895
18.000000 -0.587100 -0.114400 0.530500 18.000000 -0.588658 -0.116102 0.531442
19.000000 -0.593100 -0.077200 0.530500 19.000000 -0.595215 -0.076865 0.532076
20.000000 -0.596200 -0.043700 0.530900 20.000000 -0.599315 -0.041246 0.532172
21.000000 -0.597800 -0.007200 0.531600 21.000000 -0.601084 -0.003027 0.532974
22.000000 -0.597500 0.026600 0.532200 22.000000 -0.600826 0.032390 0.533660
23.000000 -0.593600 0.061600 0.534600 23.000000 -0.598133 0.070292 0.534739
24.000000 -0.588400 0.099400 0.535600 24.000000 -0.593770 0.108437 0.534754
25.000000 -0.581600 0.135600 0.537000 25.000000 -0.585938 0.146168 0.536367
26.000000 -0.571000 0.178500 0.538400 26.000000 -0.574909 0.190085 0.537433
27.000000 -0.563000 0.206400 0.539100 27.000000 -0.566299 0.219337 0.538252
28.000000 -0.548900 0.246800 0.540800 28.000000 -0.549735 0.262459 0.539848
29.000000 -0.537800 0.275000 0.541700 29.000000 -0.536035 0.292459 0.541828
30.000000 -0.517600 0.317300 0.542600 30.000000 -0.513346 0.335172 0.543886