6.000000 6.000000 6.000000 6.000000 0.000000 0.000000
6.000000 7.000000 6.000000 7.000000 0.085723 0.073687
6.000000 8.000000 6.000000 8.000000 0.158631 0.138774
6.000000 9.000000 6.000000 9.000000 0.222828 0.196412
6.000000 10.000000 6.000000 10.000000 0.297124 0.267420
6.000000 11.000000 6.000000 11.000000 0.385273 0.357373
6.000000 12.000000 6.000000 12.000000 0.441139 0.417510
6.000000 13.000000 6.000000 13.000000 0.498145 0.511073
6.000000 14.000000 6.000000 14.000000 0.549059 0.574251
6.000000 15.000000 6.000000 15.000000 0.592241 0.634963
6.000000 16.000000 6.000000 16.000000 0.645877 0.716170
6.000000 17.000000 6.000000 17.000000 0.688072 0.797697
6.000000 18.000000 6.000000 18.000000 0.718092 0.855750
6.000000 19.000000 6.000000 19.000000 0.742323 0.915414
6.000000 20.000000 6.000000 20.000000 0.760756 0.969234
6.000000 21.000000 6.000000 21.000000 0.776165 1.028126
6.000000 22.000000 6.000000 22.000000 0.787246 1.083325
6.000000 23.000000 6.000000 23.000000 0.794442 1.142432
6.000000 24.000000 6.000000 24.000000 0.802345 1.203870
6.000000 25.000000 6.000000 25.000000 0.804325 1.264098
6.000000 26.000000 6.000000 26.000000 0.804820 1.336285
6.000000 27.000000 6.000000 27.000000 0.803175 1.384731
6.000000 28.000000 6.000000 28.000000 0.798957 1.456059
6.000000 29.000000 6.000000 29.000000 0.794888 1.506559
6.000000 30.000000 6.000000 30.000000 0.791312 1.583039
7.000000 6.000000 7.000000 6.000000 0.085853 0.073687
7.000000 7.000000 7.000000 7.000000 0.000000 0.000000
7.000000 8.000000 7.000000 8.000000 0.073204 0.065092
7.000000 9.000000 7.000000 9.000000 0.137808 0.122727
7.000000 10.000000 7.000000 10.000000 0.212718 0.193734
7.000000 11.000000 7.000000 11.000000 0.301984 0.283700
7.000000 12.000000 7.000000 12.000000 0.358807 0.343827
7.000000 13.000000 7.000000 13.000000 0.416999 0.437534
7.000000 14.000000 7.000000 14.000000 0.469275 0.500683
7.000000 15.000000 7.000000 15.000000 0.513951 0.561374
7.000000 16.000000 7.000000 16.000000 0.569943 0.642561
7.000000 17.000000 7.000000 17.000000 0.614755 0.724051
7.000000 18.000000 7.000000 18.000000 0.647111 0.782116
7.000000 19.000000 7.000000 19.000000 0.673892 0.841770
7.000000 20.000000 7.000000 20.000000 0.694875 0.895580
7.000000 21.000000 7.000000 21.000000 0.713357 0.954465
7.000000 22.000000 7.000000 22.000000 0.727587 1.009658
7.000000 23.000000 7.000000 23.000000 0.738422 1.068763
7.000000 24.000000 7.000000 24.000000 0.750621 1.130199
7.000000 25.000000 7.000000 25.000000 0.757295 1.190423
7.000000 26.000000 7.000000 26.000000 0.764009 1.262606
7.000000 27.000000 7.000000 27.000000 0.766931 1.311049
7.000000 28.000000 7.000000 28.000000 0.770082 1.382375
7.000000 29.000000 7.000000 29.000000 0.771795 1.432875
7.000000 30.000000 7.000000 30.000000 0.777585 1.509354
8.000000 6.000000 8.000000 6.000000 0.159372 0.138774
8.000000 7.000000 8.000000 7.000000 0.073440 0.065092
8.000000 8.000000 8.000000 8.000000 0.000000 0.000000
8.000000 9.000000 8.000000 9.000000 0.064948 0.057646
8.000000 10.000000 8.000000 10.000000 0.140385 0.128653
8.000000 11.000000 8.000000 11.000000 0.230650 0.218648
8.000000 12.000000 8.000000 12.000000 0.288302 0.278751
8.000000 13.000000 8.000000 13.000000 0.347632 0.372709
8.000000 14.000000 8.000000 14.000000 0.401109 0.435809
8.000000 15.000000 8.000000 15.000000 0.447120 0.496463
8.000000 16.000000 8.000000 16.000000 0.505203 0.577621
8.000000 17.000000 8.000000 17.000000 0.552356 0.659054
8.000000 18.000000 8.000000 18.000000 0.586805 0.717135
8.000000 19.000000 8.000000 19.000000 0.615870 0.776775
8.000000 20.000000 8.000000 20.000000 0.639142 0.830569
8.000000 21.000000 8.000000 21.000000 0.660381 0.889441
8.000000 22.000000 8.000000 22.000000 0.677431 0.944623
8.000000 23.000000 8.000000 23.000000 0.691545 1.003719
8.000000 24.000000 8.000000 24.000000 0.707553 1.065152
8.000000 25.000000 8.000000 25.000000 0.718388 1.125371
8.000000 26.000000 8.000000 26.000000 0.730566 1.197545
8.000000 27.000000 8.000000 27.000000 0.737465 1.245981
8.000000 28.000000 8.000000 28.000000 0.746981 1.317300
8.000000 29.000000 8.000000 29.000000 0.753618 1.367795
8.000000 30.000000 8.000000 30.000000 0.767248 1.444269
9.000000 6.000000 9.000000 6.000000 0.224870 0.196412
9.000000 7.000000 9.000000 7.000000 0.138884 0.122727
9.000000 8.000000 9.000000 8.000000 0.065245 0.057646
9.000000 9.000000 9.000000 9.000000 0.000000 0.000000
9.000000 10.000000 9.000000 10.000000 0.075913 0.071026
9.000000 11.000000 9.000000 11.000000 0.167079 0.161068
9.000000 12.000000 9.000000 12.000000 0.225485 0.221131
9.000000 13.000000 9.000000 13.000000 0.285957 0.315315
9.000000 14.000000 9.000000 14.000000 0.340508 0.378350
9.000000 15.000000 9.000000 15.000000 0.387734 0.438967
9.000000 16.000000 9.000000 16.000000 0.447704 0.520083
9.000000 17.000000 9.000000 17.000000 0.497000 0.601464
9.000000 18.000000 9.000000 18.000000 0.533342 0.659557
9.000000 19.000000 9.000000 19.000000 0.564486 0.719184
9.000000 20.000000 9.000000 20.000000 0.589843 0.772968
9.000000 21.000000 9.000000 21.000000 0.613585 0.831831
9.000000 22.000000 9.000000 22.000000 0.633192 0.887006
9.000000 23.000000 9.000000 23.000000 0.650292 0.946104
9.000000 24.000000 9.000000 24.000000 0.669709 1.007534
9.000000 25.000000 9.000000 25.000000 0.684269 1.067749
9.000000 26.000000 9.000000 26.000000 0.701290 1.139919
9.000000 27.000000 9.000000 27.000000 0.711686 1.188352
9.000000 28.000000 9.000000 28.000000 0.726758 1.259670
9.000000 29.000000 9.000000 29.000000 0.737636 1.310163
9.000000 30.000000 9.000000 30.000000 0.757919 1.386636
10.000000 6.000000 10.000000 6.000000 0.301825 0.267420
10.000000 7.000000 10.000000 7.000000 0.215835 0.193734
10.000000 8.000000 10.000000 8.000000 0.141999 0.128653
10.000000 9.000000 10.000000 9.000000 0.076441 0.071026
10.000000 10.000000 10.000000 10.000000 0.000000 0.000000
10.000000 11.000000 10.000000 11.000000 0.092246 0.090076
10.000000 12.000000 10.000000 12.000000 0.151494 0.150105
10.000000 13.000000 10.000000 13.000000 0.213432 0.244625
10.000000 14.000000 10.000000 14.000000 0.269205 0.307547
10.000000 15.000000 10.000000 15.000000 0.317864 0.368094
10.000000 16.000000 10.000000 16.000000 0.380056 0.449169
10.000000 17.000000 10.000000 17.000000 0.431901 0.530493
10.000000 18.000000 10.000000 18.000000 0.470504 0.588598
10.000000 19.000000 10.000000 19.000000 0.504130 0.648211
10.000000 20.000000 10.000000 20.000000 0.531983 0.701980
10.000000 21.000000 10.000000 21.000000 0.558715 0.760834
10.000000 22.000000 10.000000 22.000000 0.581373 0.816001
10.000000 23.000000 10.000000 23.000000 0.602052 0.875090
10.000000 24.000000 10.000000 24.000000 0.625496 0.936519
10.000000 25.000000 10.000000 25.000000 0.644450 0.996731
10.000000 26.000000 10.000000 26.000000 0.667133 1.068899
10.000000 27.000000 10.000000 27.000000 0.681581 1.117331
10.000000 28.000000 10.000000 28.000000 0.703043 1.188649
10.000000 29.000000 10.000000 29.000000 0.718739 1.239143
10.000000 30.000000 10.000000 30.000000 0.746477 1.315621
11.000000 6.000000 11.000000 6.000000 0.396307 0.357373
11.000000 7.000000 11.000000 7.000000 0.310386 0.283700
11.000000 8.000000 11.000000 8.000000 0.236379 0.218648
11.000000 9.000000 11.000000 9.000000 0.170493 0.161068
11.000000 10.000000 11.000000 10.000000 0.093488 0.090076
11.000000 11.000000 11.000000 11.000000 0.000000 0.000000
11.000000 12.000000 11.000000 12.000000 0.060442 0.060234
11.000000 13.000000 11.000000 13.000000 0.124494 0.155029
11.000000 14.000000 11.000000 14.000000 0.181567 0.217726
11.000000 15.000000 11.000000 15.000000 0.231918 0.278157
11.000000 16.000000 11.000000 16.000000 0.296742 0.359223
11.000000 17.000000 11.000000 17.000000 0.351719 0.440527
11.000000 18.000000 11.000000 18.000000 0.392982 0.498632
11.000000 19.000000 11.000000 19.000000 0.429590 0.558242
11.000000 20.000000 11.000000 20.000000 0.460436 0.612000
11.000000 21.000000 11.000000 21.000000 0.490734 0.670856
11.000000 22.000000 11.000000 22.000000 0.517016 0.726027
11.000000 23.000000 11.000000 23.000000 0.541963 0.785098
11.000000 24.000000 11.000000 24.000000 0.570092 0.846534
11.000000 25.000000 11.000000 25.000000 0.594149 0.906751
11.000000 26.000000 11.000000 26.000000 0.623327 0.978929
11.000000 27.000000 11.000000 27.000000 0.642376 1.027373
11.000000 28.000000 11.000000 28.000000 0.671026 1.098700
11.000000 29.000000 11.000000 29.000000 0.692053 1.149211
11.000000 30.000000 11.000000 30.000000 0.727912 1.225713
12.000000 6.000000 12.000000 6.000000 0.458435 0.417510
12.000000 7.000000 12.000000 7.000000 0.372650 0.343827
12.000000 8.000000 12.000000 8.000000 0.298582 0.278751
12.000000 9.000000 12.000000 9.000000 0.232530 0.221131
12.000000 10.000000 12.000000 10.000000 0.155159 0.150105
12.000000 11.000000 12.000000 11.000000 0.061086 0.060234
12.000000 12.000000 12.000000 12.000000 0.000000 0.000000
12.000000 13.000000 12.000000 13.000000 0.066527 0.096843
12.000000 14.000000 12.000000 14.000000 0.123633 0.158556
12.000000 15.000000 12.000000 15.000000 0.174918 0.218628
12.000000 16.000000 12.000000 16.000000 0.241345 0.299465
12.000000 17.000000 12.000000 17.000000 0.298284 0.380562
12.000000 18.000000 12.000000 18.000000 0.341352 0.438695
12.000000 19.000000 12.000000 19.000000 0.379931 0.498258
12.000000 20.000000 12.000000 20.000000 0.412778 0.551978
12.000000 21.000000 12.000000 21.000000 0.445466 0.610802
12.000000 22.000000 12.000000 22.000000 0.474179 0.665949
12.000000 23.000000 12.000000 23.000000 0.502017 0.725013
12.000000 24.000000 12.000000 24.000000 0.533276 0.786440
12.000000 25.000000 12.000000 25.000000 0.560754 0.846644
12.000000 26.000000 12.000000 26.000000 0.594246 0.918806
12.000000 27.000000 12.000000 27.000000 0.616328 0.967236
12.000000 28.000000 12.000000 28.000000 0.649695 1.038551
12.000000 29.000000 12.000000 29.000000 0.674194 1.089050
12.000000 30.000000 12.000000 30.000000 0.715283 1.165539
13.000000 6.000000 13.000000 6.000000 0.524504 0.511073
13.000000 7.000000 13.000000 7.000000 0.439131 0.437534
13.000000 8.000000 13.000000 8.000000 0.365216 0.372709
13.000000 9.000000 13.000000 9.000000 0.299233 0.315315
13.000000 10.000000 13.000000 10.000000 0.221847 0.244625
13.000000 11.000000 13.000000 11.000000 0.127608 0.155029
13.000000 12.000000 13.000000 12.000000 0.067347 0.096843
13.000000 13.000000 13.000000 13.000000 0.000000 0.000000
13.000000 14.000000 13.000000 14.000000 0.059655 0.063246
13.000000 15.000000 13.000000 15.000000 0.112598 0.124020
13.000000 16.000000 13.000000 16.000000 0.181254 0.205309
13.000000 17.000000 13.000000 17.000000 0.240676 0.287143
13.000000 18.000000 13.000000 18.000000 0.285273 0.345014
13.000000 19.000000 13.000000 19.000000 0.325798 0.404736
13.000000 20.000000 13.000000 20.000000 0.360606 0.458621
13.000000 21.000000 13.000000 21.000000 0.395585 0.517586
13.000000 22.000000 13.000000 22.000000 0.426595 0.572857
13.000000 23.000000 13.000000 23.000000 0.457075 0.631990
13.000000 24.000000 13.000000 24.000000 0.491118 0.693436
13.000000 25.000000 13.000000 25.000000 0.521576 0.753718
13.000000 26.000000 13.000000 26.000000 0.558781 0.825992
13.000000 27.000000 13.000000 27.000000 0.583427 0.874535
13.000000 28.000000 13.000000 28.000000 0.620679 0.945977
13.000000 29.000000 13.000000 29.000000 0.647945 0.996593
13.000000 30.000000 13.000000 30.000000 0.693127 1.073247
14.000000 6.000000 14.000000 6.000000 0.586804 0.574251
14.000000 7.000000 14.000000 7.000000 0.501684 0.500683
14.000000 8.000000 14.000000 8.000000 0.427807 0.435809
14.000000 9.000000 14.000000 9.000000 0.361736 0.378350
14.000000 10.000000 14.000000 10.000000 0.284054 0.307547
14.000000 11.000000 14.000000 11.000000 0.188954 0.217726
14.000000 12.000000 14.000000 12.000000 0.127207 0.158556
14.000000 13.000000 14.000000 13.000000 0.060521 0.063246
14.000000 14.000000 14.000000 14.000000 0.000000 0.000000
14.000000 15.000000 14.000000 15.000000 0.053984 0.060794
14.000000 16.000000 14.000000 16.000000 0.124171 0.142065
14.000000 17.000000 14.000000 17.000000 0.185436 0.223922
14.000000 18.000000 14.000000 18.000000 0.231615 0.281770
14.000000 19.000000 14.000000 19.000000 0.273923 0.341493
14.000000 20.000000 14.000000 20.000000 0.310549 0.395380
14.000000 21.000000 14.000000 21.000000 0.347687 0.454347
14.000000 22.000000 14.000000 22.000000 0.380887 0.509622
14.000000 23.000000 14.000000 23.000000 0.413999 0.568760
14.000000 24.000000 14.000000 24.000000 0.450802 0.630203
14.000000 25.000000 14.000000 25.000000 0.484282 0.690487
14.000000 26.000000 14.000000 26.000000 0.525248 0.762766
14.000000 27.000000 14.000000 27.000000 0.552509 0.811313
14.000000 28.000000 14.000000 28.000000 0.593807 0.882763
14.000000 29.000000 14.000000 29.000000 0.624002 0.933386
14.000000 30.000000 14.000000 30.000000 0.673539 1.010051
15.000000 6.000000 15.000000 6.000000 0.643707 0.634963
15.000000 7.000000 15.000000 7.000000 0.558883 0.561374
15.000000 8.000000 15.000000 8.000000 0.485102 0.496463
15.000000 9.000000 15.000000 9.000000 0.419017 0.438967
15.000000 10.000000 15.000000 10.000000 0.341164 0.368094
15.000000 11.000000 15.000000 11.000000 0.245494 0.278157
15.000000 12.000000 15.000000 12.000000 0.183102 0.218628
15.000000 13.000000 15.000000 13.000000 0.116123 0.124020
15.000000 14.000000 15.000000 14.000000 0.054877 0.060794
15.000000 15.000000 15.000000 15.000000 0.000000 0.000000
15.000000 16.000000 15.000000 16.000000 0.071505 0.081375
15.000000 17.000000 15.000000 17.000000 0.134396 0.163237
15.000000 18.000000 15.000000 18.000000 0.181891 0.221047
15.000000 19.000000 15.000000 19.000000 0.225734 0.280762
15.000000 20.000000 15.000000 20.000000 0.263932 0.334632
15.000000 21.000000 15.000000 21.000000 0.302930 0.393598
15.000000 22.000000 15.000000 22.000000 0.338015 0.448869
15.000000 23.000000 15.000000 23.000000 0.373405 0.507990
15.000000 24.000000 15.000000 24.000000 0.412553 0.569434
15.000000 25.000000 15.000000 25.000000 0.448606 0.629718
15.000000 26.000000 15.000000 26.000000 0.492751 0.701998
15.000000 27.000000 15.000000 27.000000 0.522208 0.750550
15.000000 28.000000 15.000000 28.000000 0.566895 0.822001
15.000000 29.000000 15.000000 29.000000 0.599522 0.872629
15.000000 30.000000 15.000000 30.000000 0.652652 0.949303
16.000000 6.000000 16.000000 6.000000 0.720361 0.716170
16.000000 7.000000 16.000000 7.000000 0.635961 0.642561
16.000000 8.000000 16.000000 8.000000 0.562328 0.577621
16.000000 9.000000 16.000000 9.000000 0.496250 0.520083
16.000000 10.000000 16.000000 10.000000 0.418205 0.449169
16.000000 11.000000 16.000000 11.000000 0.321882 0.359223
16.000000 12.000000 16.000000 12.000000 0.258794 0.299465
16.000000 13.000000 16.000000 13.000000 0.191362 0.205309
16.000000 14.000000 16.000000 14.000000 0.129180 0.142065
16.000000 15.000000 16.000000 15.000000 0.073166 0.081375
16.000000 16.000000 16.000000 16.000000 0.000000 0.000000
16.000000 17.000000 16.000000 17.000000 0.065006 0.082004
16.000000 18.000000 16.000000 18.000000 0.114208 0.139707
16.000000 19.000000 16.000000 19.000000 0.160044 0.199434
16.000000 20.000000 16.000000 20.000000 0.200286 0.253335
16.000000 21.000000 16.000000 21.000000 0.241689 0.312311
16.000000 22.000000 16.000000 22.000000 0.279203 0.367596
16.000000 23.000000 16.000000 23.000000 0.317557 0.426762
16.000000 24.000000 16.000000 24.000000 0.359673 0.488193
16.000000 25.000000 16.000000 25.000000 0.399001 0.548485
16.000000 26.000000 16.000000 26.000000 0.447147 0.620773
16.000000 27.000000 16.000000 27.000000 0.479352 0.669331
16.000000 28.000000 16.000000 28.000000 0.528270 0.740802
16.000000 29.000000 16.000000 29.000000 0.563910 0.791440
16.000000 30.000000 16.000000 30.000000 0.621449 0.868130
17.000000 6.000000 17.000000 6.000000 0.790154 0.797697
17.000000 7.000000 17.000000 7.000000 0.706313 0.724051
17.000000 8.000000 17.000000 8.000000 0.632964 0.659054
17.000000 9.000000 17.000000 9.000000 0.567031 0.601464
17.000000 10.000000 17.000000 10.000000 0.488983 0.530493
17.000000 11.000000 17.000000 11.000000 0.392338 0.440527
17.000000 12.000000 17.000000 12.000000 0.328799 0.380562
17.000000 13.000000 17.000000 13.000000 0.260987 0.287143
17.000000 14.000000 17.000000 14.000000 0.198089 0.223922
17.000000 15.000000 17.000000 15.000000 0.141177 0.163237
17.000000 16.000000 17.000000 16.000000 0.066723 0.082004
17.000000 17.000000 17.000000 17.000000 0.000000 0.000000
17.000000 18.000000 17.000000 18.000000 0.051007 0.058159
17.000000 19.000000 17.000000 19.000000 0.098458 0.117722
17.000000 20.000000 17.000000 20.000000 0.140448 0.171555
17.000000 21.000000 17.000000 21.000000 0.183927 0.230495
17.000000 22.000000 17.000000 22.000000 0.223539 0.285756
17.000000 23.000000 17.000000 23.000000 0.264513 0.344946
17.000000 24.000000 17.000000 24.000000 0.309170 0.406375
17.000000 25.000000 17.000000 25.000000 0.351332 0.466658
17.000000 26.000000 17.000000 26.000000 0.402900 0.538929
17.000000 27.000000 17.000000 27.000000 0.437438 0.587467
17.000000 28.000000 17.000000 28.000000 0.489959 0.658927
17.000000 29.000000 17.000000 29.000000 0.528150 0.709548
17.000000 30.000000 17.000000 30.000000 0.589398 0.786219
18.000000 6.000000 18.000000 6.000000 0.843043 0.855750
18.000000 7.000000 18.000000 7.000000 0.759822 0.782116
18.000000 8.000000 18.000000 8.000000 0.686876 0.717135
18.000000 9.000000 18.000000 9.000000 0.621237 0.659557
18.000000 10.000000 18.000000 10.000000 0.543412 0.588598
18.000000 11.000000 18.000000 11.000000 0.446731 0.498632
18.000000 12.000000 18.000000 12.000000 0.383153 0.438695
18.000000 13.000000 18.000000 13.000000 0.314931 0.345014
18.000000 14.000000 18.000000 14.000000 0.251725 0.281770
18.000000 15.000000 18.000000 15.000000 0.194285 0.221047
18.000000 16.000000 18.000000 16.000000 0.119146 0.139707
18.000000 17.000000 18.000000 17.000000 0.051825 0.058159
18.000000 18.000000 18.000000 18.000000 0.000000 0.000000
18.000000 19.000000 18.000000 19.000000 0.048492 0.059731
18.000000 20.000000 18.000000 20.000000 0.091521 0.113658
18.000000 21.000000 18.000000 21.000000 0.136218 0.172641
18.000000 22.000000 18.000000 22.000000 0.177077 0.227936
18.000000 23.000000 18.000000 23.000000 0.219615 0.287143
18.000000 24.000000 18.000000 24.000000 0.265788 0.348547
18.000000 25.000000 18.000000 25.000000 0.309655 0.408843
18.000000 26.000000 18.000000 26.000000 0.363304 0.481137
18.000000 27.000000 18.000000 27.000000 0.399266 0.529704
18.000000 28.000000 18.000000 28.000000 0.453998 0.601196
18.000000 29.000000 18.000000 29.000000 0.493744 0.651847
18.000000 30.000000 18.000000 30.000000 0.557266 0.728560
19.000000 6.000000 19.000000 6.000000 0.893406 0.915414
19.000000 7.000000 19.000000 7.000000 0.810862 0.841770
19.000000 8.000000 19.000000 8.000000 0.738370 0.776775
19.000000 9.000000 19.000000 9.000000 0.673074 0.719184
19.000000 10.000000 19.000000 10.000000 0.595539 0.648211
19.000000 11.000000 19.000000 11.000000 0.498964 0.558242
19.000000 12.000000 19.000000 12.000000 0.435381 0.498258
19.000000 13.000000 19.000000 13.000000 0.366984 0.404736
19.000000 14.000000 19.000000 14.000000 0.303557 0.341493
19.000000 15.000000 19.000000 15.000000 0.245718 0.280762
19.000000 16.000000 19.000000 16.000000 0.170050 0.199434
19.000000 17.000000 19.000000 17.000000 0.101842 0.117722
19.000000 18.000000 19.000000 18.000000 0.049364 0.059731
19.000000 19.000000 19.000000 19.000000 0.000000 0.000000
19.000000 20.000000 19.000000 20.000000 0.043977 0.053948
19.000000 21.000000 19.000000 21.000000 0.089803 0.112924
19.000000 22.000000 19.000000 22.000000 0.131819 0.168220
19.000000 23.000000 19.000000 23.000000 0.175854 0.227450
19.000000 24.000000 19.000000 24.000000 0.223424 0.288836
19.000000 25.000000 19.000000 25.000000 0.268889 0.349133
19.000000 26.000000 19.000000 26.000000 0.324462 0.421426
19.000000 27.000000 19.000000 27.000000 0.361733 0.469994
19.000000 28.000000 19.000000 28.000000 0.418509 0.541493
19.000000 29.000000 19.000000 29.000000 0.459692 0.592148
19.000000 30.000000 19.000000 30.000000 0.525301 0.668868
20.000000 6.000000 20.000000 6.000000 0.938109 0.969234
20.000000 7.000000 20.000000 7.000000 0.856274 0.895580
20.000000 8.000000 20.000000 8.000000 0.784285 0.830569
20.000000 9.000000 20.000000 9.000000 0.719389 0.772968
20.000000 10.000000 20.000000 10.000000 0.642227 0.701980
20.000000 11.000000 20.000000 11.000000 0.545890 0.612000
20.000000 12.000000 20.000000 12.000000 0.482422 0.551978
20.000000 13.000000 20.000000 13.000000 0.413990 0.458621
20.000000 14.000000 20.000000 14.000000 0.350492 0.395380
20.000000 15.000000 20.000000 15.000000 0.292415 0.334632
20.000000 16.000000 20.000000 16.000000 0.216450 0.253335
20.000000 17.000000 20.000000 17.000000 0.147692 0.171555
20.000000 18.000000 20.000000 18.000000 0.094698 0.113658
20.000000 19.000000 20.000000 19.000000 0.044695 0.053948
20.000000 20.000000 20.000000 20.000000 0.000000 0.000000
20.000000 21.000000 20.000000 21.000000 0.046692 0.058985
20.000000 22.000000 20.000000 22.000000 0.089605 0.114281
20.000000 23.000000 20.000000 23.000000 0.134837 0.173503
20.000000 24.000000 20.000000 24.000000 0.183495 0.234894
20.000000 25.000000 20.000000 25.000000 0.230231 0.295189
20.000000 26.000000 20.000000 26.000000 0.287332 0.367482
20.000000 27.000000 20.000000 27.000000 0.325645 0.416050
20.000000 28.000000 20.000000 28.000000 0.384061 0.487547
20.000000 29.000000 20.000000 29.000000 0.426398 0.538204
20.000000 30.000000 20.000000 30.000000 0.493683 0.614927
21.000000 6.000000 21.000000 6.000000 0.984953 1.028126
21.000000 7.000000 21.000000 7.000000 0.903920 0.954465
21.000000 8.000000 21.000000 8.000000 0.832514 0.889441
21.000000 9.000000 21.000000 9.000000 0.768094 0.831831
21.000000 10.000000 21.000000 10.000000 0.691394 0.760834
21.000000 11.000000 21.000000 11.000000 0.595401 0.670856
21.000000 12.000000 21.000000 12.000000 0.532130 0.610802
21.000000 13.000000 21.000000 13.000000 0.463770 0.517586
21.000000 14.000000 21.000000 14.000000 0.400294 0.454347
21.000000 15.000000 21.000000 15.000000 0.342058 0.393598
21.000000 16.000000 21.000000 16.000000 0.265928 0.312311
21.000000 17.000000 21.000000 17.000000 0.196753 0.230495
21.000000 18.000000 21.000000 18.000000 0.143329 0.172641
21.000000 19.000000 21.000000 19.000000 0.092787 0.112924
21.000000 20.000000 21.000000 20.000000 0.047459 0.058985
21.000000 21.000000 21.000000 21.000000 0.000000 0.000000
21.000000 22.000000 21.000000 22.000000 0.043716 0.055297
21.000000 23.000000 21.000000 23.000000 0.090057 0.114557
21.000000 24.000000 21.000000 24.000000 0.139675 0.175925
21.000000 25.000000 21.000000 25.000000 0.187568 0.236217
21.000000 26.000000 21.000000 26.000000 0.246054 0.308505
21.000000 27.000000 21.000000 27.000000 0.285311 0.357071
21.000000 28.000000 21.000000 28.000000 0.345228 0.428571
21.000000 29.000000 21.000000 29.000000 0.388615 0.479229
21.000000 30.000000 21.000000 30.000000 0.457422 0.555956
22.000000 6.000000 22.000000 6.000000 1.027701 1.083325
22.000000 7.000000 22.000000 7.000000 0.947496 1.009658
22.000000 8.000000 22.000000 8.000000 0.876708 0.944623
22.000000 9.000000 22.000000 9.000000 0.812806 0.887006
22.000000 10.000000 22.000000 10.000000 0.736632 0.816001
22.000000 11.000000 22.000000 11.000000 0.641089 0.726027
22.000000 12.000000 22.000000 12.000000 0.578099 0.665949
22.000000 13.000000 22.000000 13.000000 0.509932 0.572857
22.000000 14.000000 22.000000 14.000000 0.446587 0.509622
22.000000 15.000000 22.000000 15.000000 0.388314 0.448869
22.000000 16.000000 22.000000 16.000000 0.312189 0.367596
22.000000 17.000000 22.000000 17.000000 0.242787 0.285756
22.000000 18.000000 22.000000 18.000000 0.189087 0.227936
22.000000 19.000000 22.000000 19.000000 0.138171 0.168220
22.000000 20.000000 22.000000 20.000000 0.092373 0.114281
22.000000 21.000000 22.000000 21.000000 0.044335 0.055297
22.000000 22.000000 22.000000 22.000000 0.000000 0.000000
22.000000 23.000000 22.000000 23.000000 0.047269 0.059342
22.000000 24.000000 22.000000 24.000000 0.097605 0.120654
22.000000 25.000000 22.000000 25.000000 0.146424 0.180937
22.000000 26.000000 22.000000 26.000000 0.206016 0.253216
22.000000 27.000000 22.000000 27.000000 0.246029 0.301776
22.000000 28.000000 22.000000 28.000000 0.307166 0.373277
22.000000 29.000000 22.000000 29.000000 0.351406 0.423935
22.000000 30.000000 22.000000 30.000000 0.421449 0.500665
23.000000 6.000000 23.000000 6.000000 1.071202 1.142432
23.000000 7.000000 23.000000 7.000000 0.992009 1.068763
23.000000 8.000000 23.000000 8.000000 0.922009 1.003719
23.000000 9.000000 23.000000 9.000000 0.858788 0.946104
23.000000 10.000000 23.000000 10.000000 0.783338 0.875090
23.000000 11.000000 23.000000 11.000000 0.688482 0.785098
23.000000 12.000000 23.000000 12.000000 0.625980 0.725013
23.000000 13.000000 23.000000 13.000000 0.558141 0.631990
23.000000 14.000000 23.000000 14.000000 0.495143 0.568760
23.000000 15.000000 23.000000 15.000000 0.437026 0.507990
23.000000 16.000000 23.000000 16.000000 0.361221 0.426762
23.000000 17.000000 23.000000 17.000000 0.291938 0.344946
23.000000 18.000000 23.000000 18.000000 0.238148 0.287143
23.000000 19.000000 23.000000 19.000000 0.187093 0.227450
23.000000 20.000000 23.000000 20.000000 0.141035 0.173503
23.000000 21.000000 23.000000 21.000000 0.092651 0.114557
23.000000 22.000000 23.000000 22.000000 0.047949 0.059342
23.000000 23.000000 23.000000 23.000000 0.000000 0.000000
23.000000 24.000000 23.000000 24.000000 0.050937 0.061458
23.000000 25.000000 23.000000 25.000000 0.100441 0.121728
23.000000 26.000000 23.000000 26.000000 0.160906 0.194015
23.000000 27.000000 23.000000 27.000000 0.201524 0.242590
23.000000 28.000000 23.000000 28.000000 0.263648 0.314080
23.000000 29.000000 23.000000 29.000000 0.308580 0.364752
23.000000 30.000000 23.000000 30.000000 0.379643 0.441500
24.000000 6.000000 24.000000 6.000000 1.117910 1.203870
24.000000 7.000000 24.000000 7.000000 1.039833 1.130199
24.000000 8.000000 24.000000 8.000000 0.970710 1.065152
24.000000 9.000000 24.000000 9.000000 0.908248 1.007534
24.000000 10.000000 24.000000 10.000000 0.833611 0.936519
24.000000 11.000000 24.000000 11.000000 0.739559 0.846534
24.000000 12.000000 24.000000 12.000000 0.677605 0.786440
24.000000 13.000000 24.000000 13.000000 0.610296 0.693436
24.000000 14.000000 24.000000 14.000000 0.547713 0.630203
24.000000 15.000000 24.000000 15.000000 0.489816 0.569434
24.000000 16.000000 24.000000 16.000000 0.414384 0.488193
24.000000 17.000000 24.000000 17.000000 0.345224 0.406375
24.000000 18.000000 24.000000 18.000000 0.291405 0.348547
24.000000 19.000000 24.000000 19.000000 0.240223 0.288836
24.000000 20.000000 24.000000 20.000000 0.193906 0.234894
24.000000 21.000000 24.000000 21.000000 0.145165 0.175925
24.000000 22.000000 24.000000 22.000000 0.100018 0.120654
24.000000 23.000000 24.000000 23.000000 0.051462 0.061458
24.000000 24.000000 24.000000 24.000000 0.000000 0.000000
24.000000 25.000000 24.000000 25.000000 0.050251 0.060298
24.000000 26.000000 24.000000 26.000000 0.111572 0.132601
24.000000 27.000000 24.000000 27.000000 0.152791 0.181194
24.000000 28.000000 24.000000 28.000000 0.215927 0.252707
24.000000 29.000000 24.000000 29.000000 0.261570 0.303396
24.000000 30.000000 24.000000 30.000000 0.333659 0.380166
25.000000 6.000000 25.000000 6.000000 1.160826 1.264098
25.000000 7.000000 25.000000 7.000000 1.083945 1.190423
25.000000 8.000000 25.000000 8.000000 1.015783 1.125371
25.000000 9.000000 25.000000 9.000000 0.954169 1.067749
25.000000 10.000000 25.000000 10.000000 0.880470 0.996731
25.000000 11.000000 25.000000 11.000000 0.787403 0.906751
25.000000 12.000000 25.000000 12.000000 0.726140 0.846644
25.000000 13.000000 25.000000 13.000000 0.659514 0.753718
25.000000 14.000000 25.000000 14.000000 0.597523 0.690487
25.000000 15.000000 25.000000 15.000000 0.540025 0.629718
25.000000 16.000000 25.000000 16.000000 0.465247 0.548485
25.000000 17.000000 25.000000 17.000000 0.396512 0.466658
25.000000 18.000000 25.000000 18.000000 0.342885 0.408843
25.000000 19.000000 25.000000 19.000000 0.291819 0.349133
25.000000 20.000000 25.000000 20.000000 0.245475 0.295189
25.000000 21.000000 25.000000 21.000000 0.196643 0.236217
25.000000 22.000000 25.000000 22.000000 0.151337 0.180937
25.000000 23.000000 25.000000 23.000000 0.102346 0.121728
25.000000 24.000000 25.000000 24.000000 0.050678 0.060298
25.000000 25.000000 25.000000 25.000000 0.000000 0.000000
25.000000 26.000000 25.000000 26.000000 0.061857 0.072307
25.000000 27.000000 25.000000 27.000000 0.103458 0.120911
25.000000 28.000000 25.000000 28.000000 0.167253 0.192427
25.000000 29.000000 25.000000 29.000000 0.213364 0.243126
25.000000 30.000000 25.000000 30.000000 0.286141 0.319909
26.000000 6.000000 26.000000 6.000000 1.212253 1.336285
26.000000 7.000000 26.000000 7.000000 1.136918 1.262606
26.000000 8.000000 26.000000 8.000000 1.070012 1.197545
26.000000 9.000000 26.000000 9.000000 1.009512 1.139919
26.000000 10.000000 26.000000 10.000000 0.937059 1.068899
26.000000 11.000000 26.000000 11.000000 0.845337 0.978929
26.000000 12.000000 26.000000 12.000000 0.785011 0.918806
26.000000 13.000000 26.000000 13.000000 0.719387 0.825992
26.000000 14.000000 26.000000 14.000000 0.658226 0.762766
26.000000 15.000000 26.000000 15.000000 0.601324 0.701998
26.000000 16.000000 26.000000 16.000000 0.527470 0.620773
26.000000 17.000000 26.000000 17.000000 0.459371 0.538929
26.000000 18.000000 26.000000 18.000000 0.406084 0.481137
26.000000 19.000000 26.000000 19.000000 0.355253 0.421426
26.000000 20.000000 26.000000 20.000000 0.308962 0.367482
26.000000 21.000000 26.000000 21.000000 0.260113 0.308505
26.000000 22.000000 26.000000 22.000000 0.214696 0.253216
26.000000 23.000000 26.000000 23.000000 0.165328 0.194015
26.000000 24.000000 26.000000 24.000000 0.113455 0.132601
26.000000 25.000000 26.000000 25.000000 0.062374 0.072307
26.000000 26.000000 26.000000 26.000000 0.000000 0.000000
26.000000 27.000000 26.000000 27.000000 0.041984 0.048618
26.000000 28.000000 26.000000 28.000000 0.106475 0.120134
26.000000 29.000000 26.000000 29.000000 0.153083 0.170842
26.000000 30.000000 26.000000 30.000000 0.226579 0.247635
27.000000 6.000000 27.000000 6.000000 1.245979 1.384731
27.000000 7.000000 27.000000 7.000000 1.171746 1.311049
27.000000 8.000000 27.000000 8.000000 1.105744 1.245981
27.000000 9.000000 27.000000 9.000000 1.046049 1.188352
27.000000 10.000000 27.000000 10.000000 0.974505 1.117331
27.000000 11.000000 27.000000 11.000000 0.883785 1.027373
27.000000 12.000000 27.000000 12.000000 0.824154 0.967236
27.000000 13.000000 27.000000 13.000000 0.759297 0.874535
27.000000 14.000000 27.000000 14.000000 0.698763 0.811313
27.000000 15.000000 27.000000 15.000000 0.642330 0.750550
27.000000 16.000000 27.000000 16.000000 0.569187 0.669331
27.000000 17.000000 27.000000 17.000000 0.501596 0.587467
27.000000 18.000000 27.000000 18.000000 0.448608 0.529704
27.000000 19.000000 27.000000 19.000000 0.397998 0.469994
27.000000 20.000000 27.000000 20.000000 0.351802 0.416050
27.000000 21.000000 27.000000 21.000000 0.303006 0.357071
27.000000 22.000000 27.000000 22.000000 0.257577 0.301776
27.000000 23.000000 27.000000 23.000000 0.208028 0.242590
27.000000 24.000000 27.000000 24.000000 0.156093 0.181194
27.000000 25.000000 27.000000 25.000000 0.104813 0.120911
27.000000 26.000000 27.000000 26.000000 0.042182 0.048618
27.000000 27.000000 27.000000 27.000000 0.000000 0.000000
27.000000 28.000000 27.000000 28.000000 0.064886 0.071531
27.000000 29.000000 27.000000 29.000000 0.111772 0.122230
27.000000 30.000000 27.000000 30.000000 0.185666 0.199022
28.000000 6.000000 28.000000 6.000000 1.293622 1.456059
28.000000 7.000000 28.000000 7.000000 1.221205 1.382375
28.000000 8.000000 28.000000 8.000000 1.156718 1.317300
28.000000 9.000000 28.000000 9.000000 1.098391 1.259670
28.000000 10.000000 28.000000 10.000000 1.028415 1.188649
28.000000 11.000000 28.000000 11.000000 0.939479 1.098700
28.000000 12.000000 28.000000 12.000000 0.881103 1.038551
28.000000 13.000000 28.000000 13.000000 0.817661 0.945977
28.000000 14.000000 28.000000 14.000000 0.758314 0.882763
28.000000 15.000000 28.000000 15.000000 0.702823 0.822001
28.000000 16.000000 28.000000 16.000000 0.631090 0.740802
28.000000 17.000000 28.000000 17.000000 0.564620 0.658927
28.000000 18.000000 28.000000 18.000000 0.512327 0.601196
28.000000 19.000000 28.000000 19.000000 0.462316 0.541493
28.000000 20.000000 28.000000 20.000000 0.416507 0.487547
28.000000 21.000000 28.000000 21.000000 0.368058 0.428571
28.000000 22.000000 28.000000 22.000000 0.322861 0.373277
28.000000 23.000000 28.000000 23.000000 0.273281 0.314080
28.000000 24.000000 28.000000 24.000000 0.221528 0.252707
28.000000 25.000000 28.000000 25.000000 0.170187 0.192427
28.000000 26.000000 28.000000 26.000000 0.107458 0.120134
28.000000 27.000000 28.000000 27.000000 0.065185 0.071531
28.000000 28.000000 28.000000 28.000000 0.000000 0.000000
28.000000 29.000000 28.000000 29.000000 0.047111 0.050720
28.000000 30.000000 28.000000 30.000000 0.121347 0.127521
29.000000 6.000000 29.000000 6.000000 1.326338 1.506559
29.000000 7.000000 29.000000 7.000000 1.255268 1.432875
29.000000 8.000000 29.000000 8.000000 1.191914 1.367795
29.000000 9.000000 29.000000 9.000000 1.134614 1.310163
29.000000 10.000000 29.000000 10.000000 1.065827 1.239143
29.000000 11.000000 29.000000 11.000000 0.978266 1.149211
29.000000 12.000000 29.000000 12.000000 0.920855 1.089050
29.000000 13.000000 29.000000 13.000000 0.858533 0.996593
29.000000 14.000000 29.000000 14.000000 0.800119 0.933386
29.000000 15.000000 29.000000 15.000000 0.745390 0.872629
29.000000 16.000000 29.000000 16.000000 0.674785 0.791440
29.000000 17.000000 29.000000 17.000000 0.609236 0.709548
29.000000 18.000000 29.000000 18.000000 0.557540 0.651847
29.000000 19.000000 29.000000 19.000000 0.508057 0.592148
29.000000 20.000000 29.000000 20.000000 0.462617 0.538204
29.000000 21.000000 29.000000 21.000000 0.414522 0.479229
29.000000 22.000000 29.000000 22.000000 0.369592 0.423935
29.000000 23.000000 29.000000 23.000000 0.320107 0.364752
29.000000 24.000000 29.000000 24.000000 0.268601 0.303396
29.000000 25.000000 29.000000 25.000000 0.217336 0.243126
29.000000 26.000000 29.000000 26.000000 0.154683 0.170842
29.000000 27.000000 29.000000 27.000000 0.112434 0.122230
29.000000 28.000000 29.000000 28.000000 0.047175 0.050720
29.000000 29.000000 29.000000 29.000000 0.000000 0.000000
29.000000 30.000000 29.000000 30.000000 0.074350 0.076802
30.000000 6.000000 30.000000 6.000000 1.375866 1.583039
30.000000 7.000000 30.000000 7.000000 1.306974 1.509354
30.000000 8.000000 30.000000 8.000000 1.245467 1.444269
30.000000 9.000000 30.000000 9.000000 1.189844 1.386636
30.000000 10.000000 30.000000 10.000000 1.123010 1.315621
30.000000 11.000000 30.000000 11.000000 1.037732 1.225713
30.000000 12.000000 30.000000 12.000000 0.981924 1.165539
30.000000 13.000000 30.000000 13.000000 0.921504 1.073247
30.000000 14.000000 30.000000 14.000000 0.864653 1.010051
30.000000 15.000000 30.000000 15.000000 0.811220 0.949303
30.000000 16.000000 30.000000 16.000000 0.742501 0.868130
30.000000 17.000000 30.000000 17.000000 0.678525 0.786219
30.000000 18.000000 30.000000 18.000000 0.627859 0.728560
30.000000 19.000000 30.000000 19.000000 0.579300 0.668868
30.000000 20.000000 30.000000 20.000000 0.534535 0.614927
30.000000 21.000000 30.000000 21.000000 0.487094 0.555956
30.000000 22.000000 30.000000 22.000000 0.442677 0.500665
30.000000 23.000000 30.000000 23.000000 0.393470 0.441500
30.000000 24.000000 30.000000 24.000000 0.342437 0.380166
30.000000 25.000000 30.000000 25.000000 0.291406 0.319909
30.000000 26.000000 30.000000 26.000000 0.228982 0.247635
30.000000 27.000000 30.000000 27.000000 0.186837 0.199022
30.000000 28.000000 30.000000 28.000000 0.121583 0.127521
30.000000 29.000000 30.000000 29.000000 0.074398 0.076802
30.000000 30.000000 30.000000 30.000000 0.000000 0.000000