6.000000 -0.256933 -0.585856 0.516255
7.000000 -0.304592 -0.555925 0.517572
8.000000 -0.343702 -0.527491 0.518541
9.000000 -0.376809 -0.499242 0.519565
10.000000 -0.413970 -0.463107 0.520817
11.000000 -0.455496 -0.414805 0.522472
12.000000 -0.480923 -0.380241 0.523075
13.000000 -0.511419 -0.330364 0.524299
14.000000 -0.531487 -0.292152 0.525283
15.000000 -0.547905 -0.254997 0.526440
16.000000 -0.566344 -0.204107 0.527722
17.000000 -0.579736 -0.155942 0.529297
18.000000 -0.587919 -0.115945 0.530365
19.000000 -0.593376 -0.077903 0.531445
20.000000 -0.596605 -0.044011 0.532017
21.000000 -0.597848 -0.006993 0.533095
22.000000 -0.597197 0.027328 0.534156
23.000000 -0.594259 0.064276 0.535303
24.000000 -0.589742 0.101142 0.535800
25.000000 -0.582153 0.137540 0.537288
26.000000 -0.571535 0.180062 0.537971
27.000000 -0.563391 0.208039 0.538749
28.000000 -0.547899 0.249649 0.539703
29.000000 -0.535310 0.278165 0.541174
30.000000 -0.514550 0.319081 0.542395