6.000000 6.000000 6.000000 6.000000 0.000000 0.000000
6.000000 7.000000 6.000000 7.000000 0.084632 0.073552
6.000000 8.000000 6.000000 8.000000 0.156486 0.138431
6.000000 9.000000 6.000000 9.000000 0.219883 0.196108
6.000000 10.000000 6.000000 10.000000 0.293210 0.267176
6.000000 11.000000 6.000000 11.000000 0.380362 0.356795
6.000000 12.000000 6.000000 12.000000 0.435902 0.416841
6.000000 13.000000 6.000000 13.000000 0.506657 0.500392
6.000000 14.000000 6.000000 14.000000 0.556432 0.563218
6.000000 15.000000 6.000000 15.000000 0.599009 0.623615
6.000000 16.000000 6.000000 16.000000 0.651917 0.703929
6.000000 17.000000 6.000000 17.000000 0.693513 0.784743
6.000000 18.000000 6.000000 18.000000 0.723413 0.842168
6.000000 19.000000 6.000000 19.000000 0.747331 0.901216
6.000000 20.000000 6.000000 20.000000 0.765235 0.954268
6.000000 21.000000 6.000000 21.000000 0.780649 1.012618
6.000000 22.000000 6.000000 22.000000 0.791640 1.067457
6.000000 23.000000 6.000000 23.000000 0.798868 1.126328
6.000000 24.000000 6.000000 24.000000 0.806344 1.187457
6.000000 25.000000 6.000000 25.000000 0.808097 1.247210
6.000000 26.000000 6.000000 26.000000 0.808175 1.318977
6.000000 27.000000 6.000000 27.000000 0.805744 1.367041
6.000000 28.000000 6.000000 28.000000 0.800338 1.437976
6.000000 29.000000 6.000000 29.000000 0.794857 1.488057
6.000000 30.000000 6.000000 30.000000 0.788518 1.564007
7.000000 6.000000 7.000000 6.000000 0.084771 0.073552
7.000000 7.000000 7.000000 7.000000 0.000000 0.000000
7.000000 8.000000 7.000000 8.000000 0.072164 0.064887
7.000000 9.000000 7.000000 9.000000 0.135971 0.122558
7.000000 10.000000 7.000000 10.000000 0.209914 0.193625
7.000000 11.000000 7.000000 11.000000 0.298196 0.283258
7.000000 12.000000 7.000000 12.000000 0.354695 0.343294
7.000000 13.000000 7.000000 13.000000 0.426940 0.426853
7.000000 14.000000 7.000000 14.000000 0.478005 0.489677
7.000000 15.000000 7.000000 15.000000 0.522004 0.550076
7.000000 16.000000 7.000000 16.000000 0.577153 0.630383
7.000000 17.000000 7.000000 17.000000 0.621223 0.711192
7.000000 18.000000 7.000000 18.000000 0.653302 0.768620
7.000000 19.000000 7.000000 19.000000 0.679601 0.827667
7.000000 20.000000 7.000000 20.000000 0.699868 0.880718
7.000000 21.000000 7.000000 21.000000 0.718141 0.939067
7.000000 22.000000 7.000000 22.000000 0.732054 0.993906
7.000000 23.000000 7.000000 23.000000 0.742667 1.052778
7.000000 24.000000 7.000000 24.000000 0.754121 1.113907
7.000000 25.000000 7.000000 25.000000 0.760216 1.173660
7.000000 26.000000 7.000000 26.000000 0.766077 1.245427
7.000000 27.000000 7.000000 27.000000 0.767873 1.293493
7.000000 28.000000 7.000000 28.000000 0.769315 1.364429
7.000000 29.000000 7.000000 29.000000 0.769194 1.414513
7.000000 30.000000 7.000000 30.000000 0.771624 1.490467
8.000000 6.000000 8.000000 6.000000 0.157263 0.138431
8.000000 7.000000 8.000000 7.000000 0.072409 0.064887
8.000000 8.000000 8.000000 8.000000 0.000000 0.000000
8.000000 9.000000 8.000000 9.000000 0.064148 0.057687
8.000000 10.000000 8.000000 10.000000 0.138614 0.128759
8.000000 11.000000 8.000000 11.000000 0.227895 0.218422
8.000000 12.000000 8.000000 12.000000 0.285218 0.278430
8.000000 13.000000 8.000000 13.000000 0.358782 0.362007
8.000000 14.000000 8.000000 14.000000 0.410979 0.424832
8.000000 15.000000 8.000000 15.000000 0.456242 0.485230
8.000000 16.000000 8.000000 16.000000 0.513365 0.565535
8.000000 17.000000 8.000000 17.000000 0.559631 0.646325
8.000000 18.000000 8.000000 18.000000 0.593645 0.703767
8.000000 19.000000 8.000000 19.000000 0.622062 0.762811
8.000000 20.000000 8.000000 20.000000 0.644437 0.815856
8.000000 21.000000 8.000000 21.000000 0.665257 0.874201
8.000000 22.000000 8.000000 22.000000 0.681772 0.929036
8.000000 23.000000 8.000000 23.000000 0.695422 0.987907
8.000000 24.000000 8.000000 24.000000 0.710391 1.049037
8.000000 25.000000 8.000000 25.000000 0.720326 1.108788
8.000000 26.000000 8.000000 26.000000 0.731259 1.180552
8.000000 27.000000 8.000000 27.000000 0.736741 1.228614
8.000000 28.000000 8.000000 28.000000 0.744109 1.299547
8.000000 29.000000 8.000000 29.000000 0.748572 1.349629
8.000000 30.000000 8.000000 30.000000 0.758385 1.425581
9.000000 6.000000 9.000000 6.000000 0.221957 0.196108
9.000000 7.000000 9.000000 7.000000 0.137052 0.122558
9.000000 8.000000 9.000000 8.000000 0.064440 0.057687
9.000000 9.000000 9.000000 9.000000 0.000000 0.000000
9.000000 10.000000 9.000000 10.000000 0.074935 0.071090
9.000000 11.000000 9.000000 11.000000 0.165114 0.160794
9.000000 12.000000 9.000000 12.000000 0.223187 0.220767
9.000000 13.000000 9.000000 13.000000 0.297955 0.304358
9.000000 14.000000 9.000000 14.000000 0.351189 0.367174
9.000000 15.000000 9.000000 15.000000 0.397614 0.427573
9.000000 16.000000 9.000000 16.000000 0.456536 0.507863
9.000000 17.000000 9.000000 17.000000 0.504827 0.588644
9.000000 18.000000 9.000000 18.000000 0.540596 0.646088
9.000000 19.000000 9.000000 19.000000 0.570948 0.705131
9.000000 20.000000 9.000000 20.000000 0.595251 0.758176
9.000000 21.000000 9.000000 21.000000 0.618395 0.816521
9.000000 22.000000 9.000000 22.000000 0.637282 0.871357
9.000000 23.000000 9.000000 23.000000 0.653709 0.930233
9.000000 24.000000 9.000000 24.000000 0.671843 0.991361
9.000000 25.000000 9.000000 25.000000 0.685233 1.051113
9.000000 26.000000 9.000000 26.000000 0.700694 1.122878
9.000000 27.000000 9.000000 27.000000 0.709441 1.170941
9.000000 28.000000 9.000000 28.000000 0.722024 1.241879
9.000000 29.000000 9.000000 29.000000 0.730472 1.291963
9.000000 30.000000 9.000000 30.000000 0.746613 1.367919
10.000000 6.000000 10.000000 6.000000 0.297930 0.267176
10.000000 7.000000 10.000000 7.000000 0.213022 0.193625
10.000000 8.000000 10.000000 8.000000 0.140208 0.128759
10.000000 9.000000 10.000000 9.000000 0.075457 0.071090
10.000000 10.000000 10.000000 10.000000 0.000000 0.000000
10.000000 11.000000 10.000000 11.000000 0.091257 0.089730
10.000000 12.000000 10.000000 12.000000 0.150166 0.149678
10.000000 13.000000 10.000000 13.000000 0.226357 0.233270
10.000000 14.000000 10.000000 14.000000 0.280806 0.296085
10.000000 15.000000 10.000000 15.000000 0.328612 0.356484
10.000000 16.000000 10.000000 16.000000 0.389659 0.436779
10.000000 17.000000 10.000000 17.000000 0.440359 0.517569
10.000000 18.000000 10.000000 18.000000 0.478214 0.575009
10.000000 19.000000 10.000000 19.000000 0.510871 0.634053
10.000000 20.000000 10.000000 20.000000 0.537478 0.687098
10.000000 21.000000 10.000000 21.000000 0.563393 0.745444
10.000000 22.000000 10.000000 22.000000 0.585104 0.800281
10.000000 23.000000 10.000000 23.000000 0.604857 0.859154
10.000000 24.000000 10.000000 24.000000 0.626730 0.920282
10.000000 25.000000 10.000000 25.000000 0.644200 0.980035
10.000000 26.000000 10.000000 26.000000 0.664962 1.051803
10.000000 27.000000 10.000000 27.000000 0.677505 1.099870
10.000000 28.000000 10.000000 28.000000 0.696112 1.170812
10.000000 29.000000 10.000000 29.000000 0.709109 1.220902
10.000000 30.000000 10.000000 30.000000 0.732385 1.296869
11.000000 6.000000 11.000000 6.000000 0.391417 0.356795
11.000000 7.000000 11.000000 7.000000 0.306577 0.283258
11.000000 8.000000 11.000000 8.000000 0.233583 0.218422
11.000000 9.000000 11.000000 9.000000 0.168506 0.160794
11.000000 10.000000 11.000000 10.000000 0.092493 0.089730
11.000000 11.000000 11.000000 11.000000 0.000000 0.000000
11.000000 12.000000 11.000000 12.000000 0.060094 0.060145
11.000000 13.000000 11.000000 13.000000 0.137938 0.143598
11.000000 14.000000 11.000000 14.000000 0.193889 0.206427
11.000000 15.000000 11.000000 15.000000 0.243385 0.266821
11.000000 16.000000 11.000000 16.000000 0.306986 0.347162
11.000000 17.000000 11.000000 17.000000 0.360662 0.428014
11.000000 18.000000 11.000000 18.000000 0.400965 0.485419
11.000000 19.000000 11.000000 19.000000 0.436390 0.544471
11.000000 20.000000 11.000000 20.000000 0.465761 0.597518
11.000000 21.000000 11.000000 21.000000 0.494980 0.655872
11.000000 22.000000 11.000000 22.000000 0.520052 0.710715
11.000000 23.000000 11.000000 23.000000 0.543775 0.769567
11.000000 24.000000 11.000000 24.000000 0.570012 0.830697
11.000000 25.000000 11.000000 25.000000 0.592238 0.890453
11.000000 26.000000 11.000000 26.000000 0.619113 0.962230
11.000000 27.000000 11.000000 27.000000 0.635995 1.010311
11.000000 28.000000 11.000000 28.000000 0.661428 1.081262
11.000000 29.000000 11.000000 29.000000 0.679506 1.131369
11.000000 30.000000 11.000000 30.000000 0.710629 1.207360
12.000000 6.000000 12.000000 6.000000 0.453194 0.416841
12.000000 7.000000 12.000000 7.000000 0.368489 0.343294
12.000000 8.000000 12.000000 8.000000 0.295428 0.278430
12.000000 9.000000 12.000000 9.000000 0.230188 0.220767
12.000000 10.000000 12.000000 10.000000 0.153810 0.149678
12.000000 11.000000 12.000000 11.000000 0.060734 0.060145
12.000000 12.000000 12.000000 12.000000 0.000000 0.000000
12.000000 13.000000 12.000000 13.000000 0.078993 0.083633
12.000000 14.000000 12.000000 14.000000 0.135836 0.146431
12.000000 15.000000 12.000000 15.000000 0.186411 0.206821
12.000000 16.000000 12.000000 16.000000 0.251646 0.287127
12.000000 17.000000 12.000000 17.000000 0.307211 0.367923
12.000000 18.000000 12.000000 18.000000 0.349175 0.425364
12.000000 19.000000 12.000000 19.000000 0.386438 0.484408
12.000000 20.000000 12.000000 20.000000 0.417664 0.537445
12.000000 21.000000 12.000000 21.000000 0.449107 0.595791
12.000000 22.000000 12.000000 22.000000 0.476444 0.650629
12.000000 23.000000 12.000000 23.000000 0.502872 0.709489
12.000000 24.000000 12.000000 24.000000 0.532052 0.770619
12.000000 25.000000 12.000000 25.000000 0.557496 0.830373
12.000000 26.000000 12.000000 26.000000 0.588476 0.902144
12.000000 27.000000 12.000000 27.000000 0.608253 0.950218
12.000000 28.000000 12.000000 28.000000 0.638224 1.021165
12.000000 29.000000 12.000000 29.000000 0.659656 1.071266
12.000000 30.000000 12.000000 30.000000 0.695905 1.147251
13.000000 6.000000 13.000000 6.000000 0.535590 0.500392
13.000000 7.000000 13.000000 7.000000 0.451129 0.426853
13.000000 8.000000 13.000000 8.000000 0.378047 0.362007
13.000000 9.000000 13.000000 9.000000 0.312651 0.304358
13.000000 10.000000 13.000000 10.000000 0.235894 0.233270
13.000000 11.000000 13.000000 11.000000 0.141827 0.143598
13.000000 12.000000 13.000000 12.000000 0.080371 0.083633
13.000000 13.000000 13.000000 13.000000 0.000000 0.000000
13.000000 14.000000 13.000000 14.000000 0.058064 0.062847
13.000000 15.000000 13.000000 15.000000 0.110028 0.123227
13.000000 16.000000 13.000000 16.000000 0.177345 0.203602
13.000000 17.000000 13.000000 17.000000 0.235410 0.284477
13.000000 18.000000 13.000000 18.000000 0.279390 0.341864
13.000000 19.000000 13.000000 19.000000 0.318976 0.400914
13.000000 20.000000 13.000000 20.000000 0.352545 0.453951
13.000000 21.000000 13.000000 21.000000 0.386778 0.512305
13.000000 22.000000 13.000000 22.000000 0.416951 0.567148
13.000000 23.000000 13.000000 23.000000 0.446772 0.625987
13.000000 24.000000 13.000000 24.000000 0.479565 0.687116
13.000000 25.000000 13.000000 25.000000 0.508955 0.746873
13.000000 26.000000 13.000000 26.000000 0.544924 0.818654
13.000000 27.000000 13.000000 27.000000 0.568194 0.866743
13.000000 28.000000 13.000000 28.000000 0.603607 0.937701
13.000000 29.000000 13.000000 29.000000 0.629007 0.987820
13.000000 30.000000 13.000000 30.000000 0.671258 1.063831
14.000000 6.000000 14.000000 6.000000 0.596636 0.563218
14.000000 7.000000 14.000000 7.000000 0.512413 0.489677
14.000000 8.000000 14.000000 8.000000 0.439356 0.424832
14.000000 9.000000 14.000000 9.000000 0.373885 0.367174
14.000000 10.000000 14.000000 10.000000 0.296887 0.296085
14.000000 11.000000 14.000000 11.000000 0.202231 0.206427
14.000000 12.000000 14.000000 12.000000 0.140186 0.146431
14.000000 13.000000 14.000000 13.000000 0.058894 0.062847
14.000000 14.000000 14.000000 14.000000 0.000000 0.000000
14.000000 15.000000 14.000000 15.000000 0.052967 0.060404
14.000000 16.000000 14.000000 16.000000 0.121760 0.140759
14.000000 17.000000 14.000000 17.000000 0.181586 0.221673
14.000000 18.000000 14.000000 18.000000 0.227061 0.279024
14.000000 19.000000 14.000000 19.000000 0.268334 0.338077
14.000000 20.000000 14.000000 20.000000 0.303615 0.391121
14.000000 21.000000 14.000000 21.000000 0.339887 0.449480
14.000000 22.000000 14.000000 22.000000 0.372127 0.504327
14.000000 23.000000 14.000000 23.000000 0.404448 0.563172
14.000000 24.000000 14.000000 24.000000 0.439854 0.624297
14.000000 25.000000 14.000000 25.000000 0.472104 0.684058
14.000000 26.000000 14.000000 26.000000 0.511654 0.755845
14.000000 27.000000 14.000000 27.000000 0.537414 0.803941
14.000000 28.000000 14.000000 28.000000 0.576690 0.874910
14.000000 29.000000 14.000000 29.000000 0.604884 0.925039
14.000000 30.000000 14.000000 30.000000 0.651323 1.001065
15.000000 6.000000 15.000000 6.000000 0.652767 0.623615
15.000000 7.000000 15.000000 7.000000 0.568823 0.550076
15.000000 8.000000 15.000000 8.000000 0.495843 0.485230
15.000000 9.000000 15.000000 9.000000 0.430354 0.427573
15.000000 10.000000 15.000000 10.000000 0.353194 0.356484
15.000000 11.000000 15.000000 11.000000 0.258041 0.266821
15.000000 12.000000 15.000000 12.000000 0.195538 0.206821
15.000000 13.000000 15.000000 13.000000 0.113420 0.123227
15.000000 14.000000 15.000000 14.000000 0.053830 0.060404
15.000000 15.000000 15.000000 15.000000 0.000000 0.000000
15.000000 16.000000 15.000000 16.000000 0.070070 0.080459
15.000000 17.000000 15.000000 17.000000 0.131460 0.161393
15.000000 18.000000 15.000000 18.000000 0.178178 0.218692
15.000000 19.000000 15.000000 19.000000 0.220913 0.277738
15.000000 20.000000 15.000000 20.000000 0.257684 0.330768
15.000000 21.000000 15.000000 21.000000 0.295722 0.389125
15.000000 22.000000 15.000000 22.000000 0.329756 0.443970
15.000000 23.000000 15.000000 23.000000 0.364254 0.502797
15.000000 24.000000 15.000000 24.000000 0.401901 0.563922
15.000000 25.000000 15.000000 25.000000 0.436608 0.623682
15.000000 26.000000 15.000000 26.000000 0.479215 0.695472
15.000000 27.000000 15.000000 27.000000 0.507089 0.743573
15.000000 28.000000 15.000000 28.000000 0.549638 0.814544
15.000000 29.000000 15.000000 29.000000 0.580181 0.864680
15.000000 30.000000 15.000000 30.000000 0.630114 0.940717
16.000000 6.000000 16.000000 6.000000 0.728334 0.703929
16.000000 7.000000 16.000000 7.000000 0.644782 0.630383
16.000000 8.000000 16.000000 8.000000 0.571920 0.565535
16.000000 9.000000 16.000000 9.000000 0.506428 0.507863
16.000000 10.000000 16.000000 10.000000 0.429078 0.436779
16.000000 11.000000 16.000000 11.000000 0.333313 0.347162
16.000000 12.000000 16.000000 12.000000 0.270221 0.287127
16.000000 13.000000 16.000000 13.000000 0.187071 0.203602
16.000000 14.000000 16.000000 14.000000 0.126588 0.140759
16.000000 15.000000 16.000000 15.000000 0.071667 0.080459
16.000000 16.000000 16.000000 16.000000 0.000000 0.000000
16.000000 17.000000 16.000000 17.000000 0.063418 0.081078
16.000000 18.000000 16.000000 18.000000 0.111745 0.138269
16.000000 19.000000 16.000000 19.000000 0.156372 0.197327
16.000000 20.000000 16.000000 20.000000 0.195072 0.250389
16.000000 21.000000 16.000000 21.000000 0.235391 0.308758
16.000000 22.000000 16.000000 22.000000 0.271731 0.363617
16.000000 23.000000 16.000000 23.000000 0.309063 0.422490
16.000000 24.000000 16.000000 24.000000 0.349545 0.483601
16.000000 25.000000 16.000000 25.000000 0.387379 0.543370
16.000000 26.000000 16.000000 26.000000 0.433832 0.615169
16.000000 27.000000 16.000000 27.000000 0.464351 0.663277
16.000000 28.000000 16.000000 28.000000 0.510990 0.734271
16.000000 29.000000 16.000000 29.000000 0.544444 0.784417
16.000000 30.000000 16.000000 30.000000 0.598671 0.860472
17.000000 6.000000 17.000000 6.000000 0.797107 0.784743
17.000000 7.000000 17.000000 7.000000 0.714046 0.711192
17.000000 8.000000 17.000000 8.000000 0.641402 0.646325
17.000000 9.000000 17.000000 9.000000 0.576009 0.588644
17.000000 10.000000 17.000000 10.000000 0.498609 0.517569
17.000000 11.000000 17.000000 11.000000 0.402478 0.428014
17.000000 12.000000 17.000000 12.000000 0.338931 0.367923
17.000000 13.000000 17.000000 13.000000 0.255017 0.284477
17.000000 14.000000 17.000000 14.000000 0.193822 0.221673
17.000000 15.000000 17.000000 15.000000 0.138016 0.161393
17.000000 16.000000 17.000000 16.000000 0.065086 0.081078
17.000000 17.000000 17.000000 17.000000 0.000000 0.000000
17.000000 18.000000 17.000000 18.000000 0.050089 0.057675
17.000000 19.000000 17.000000 19.000000 0.096267 0.116559
17.000000 20.000000 17.000000 20.000000 0.136634 0.169543
17.000000 21.000000 17.000000 21.000000 0.178939 0.227876
17.000000 22.000000 17.000000 22.000000 0.217290 0.282716
17.000000 23.000000 17.000000 23.000000 0.257149 0.341620
17.000000 24.000000 17.000000 24.000000 0.300077 0.402733
17.000000 25.000000 17.000000 25.000000 0.340633 0.462494
17.000000 26.000000 17.000000 26.000000 0.390394 0.534275
17.000000 27.000000 17.000000 27.000000 0.423171 0.582361
17.000000 28.000000 17.000000 28.000000 0.473306 0.653344
17.000000 29.000000 17.000000 29.000000 0.509232 0.703473
17.000000 30.000000 17.000000 30.000000 0.567078 0.779507
18.000000 6.000000 18.000000 6.000000 0.849508 0.842168
18.000000 7.000000 18.000000 7.000000 0.767006 0.768620
18.000000 8.000000 18.000000 8.000000 0.694702 0.703767
18.000000 9.000000 18.000000 9.000000 0.629547 0.646088
18.000000 10.000000 18.000000 10.000000 0.552298 0.575009
18.000000 11.000000 18.000000 11.000000 0.456037 0.485419
18.000000 12.000000 18.000000 12.000000 0.392379 0.425364
18.000000 13.000000 18.000000 13.000000 0.308035 0.341864
18.000000 14.000000 18.000000 14.000000 0.246520 0.279024
18.000000 15.000000 18.000000 15.000000 0.190175 0.218692
18.000000 16.000000 18.000000 16.000000 0.116544 0.138269
18.000000 17.000000 18.000000 17.000000 0.050885 0.057675
18.000000 18.000000 18.000000 18.000000 0.000000 0.000000
18.000000 19.000000 18.000000 19.000000 0.047193 0.059062
18.000000 20.000000 18.000000 20.000000 0.088567 0.112154
18.000000 21.000000 18.000000 21.000000 0.132049 0.170530
18.000000 22.000000 18.000000 22.000000 0.171606 0.225397
18.000000 23.000000 18.000000 23.000000 0.212980 0.284314
18.000000 24.000000 18.000000 24.000000 0.257379 0.345396
18.000000 25.000000 18.000000 25.000000 0.299587 0.405171
18.000000 26.000000 18.000000 26.000000 0.351375 0.476976
18.000000 27.000000 18.000000 27.000000 0.385543 0.525094
18.000000 28.000000 18.000000 28.000000 0.437839 0.596110
18.000000 29.000000 18.000000 29.000000 0.475286 0.646271
18.000000 30.000000 18.000000 30.000000 0.535368 0.722351
19.000000 6.000000 19.000000 6.000000 0.899149 0.901216
19.000000 7.000000 19.000000 7.000000 0.817246 0.827667
19.000000 8.000000 19.000000 8.000000 0.745320 0.762811
19.000000 9.000000 19.000000 9.000000 0.680444 0.705131
19.000000 10.000000 19.000000 10.000000 0.603406 0.634053
19.000000 11.000000 19.000000 11.000000 0.507154 0.544471
19.000000 12.000000 19.000000 12.000000 0.443425 0.484408
19.000000 13.000000 19.000000 13.000000 0.358803 0.400914
19.000000 14.000000 19.000000 14.000000 0.297044 0.338077
19.000000 15.000000 19.000000 15.000000 0.240283 0.277738
19.000000 16.000000 19.000000 16.000000 0.166105 0.197327
19.000000 17.000000 19.000000 17.000000 0.099562 0.116559
19.000000 18.000000 19.000000 18.000000 0.048042 0.059062
19.000000 19.000000 19.000000 19.000000 0.000000 0.000000
19.000000 20.000000 19.000000 20.000000 0.042291 0.053116
19.000000 21.000000 19.000000 21.000000 0.086861 0.111484
19.000000 22.000000 19.000000 22.000000 0.127530 0.166352
19.000000 23.000000 19.000000 23.000000 0.170352 0.225291
19.000000 24.000000 19.000000 24.000000 0.216100 0.286355
19.000000 25.000000 19.000000 25.000000 0.259846 0.346131
19.000000 26.000000 19.000000 26.000000 0.313496 0.417936
19.000000 27.000000 19.000000 27.000000 0.348935 0.466054
19.000000 28.000000 19.000000 28.000000 0.403214 0.537077
19.000000 29.000000 19.000000 29.000000 0.442055 0.587243
19.000000 30.000000 19.000000 30.000000 0.504171 0.663331
20.000000 6.000000 20.000000 6.000000 0.943002 0.954268
20.000000 7.000000 20.000000 7.000000 0.861703 0.880718
20.000000 8.000000 20.000000 8.000000 0.790182 0.815856
20.000000 9.000000 20.000000 9.000000 0.725621 0.758176
20.000000 10.000000 20.000000 10.000000 0.648852 0.687098
20.000000 11.000000 20.000000 11.000000 0.552710 0.597518
20.000000 12.000000 20.000000 12.000000 0.489009 0.537445
20.000000 13.000000 20.000000 13.000000 0.404252 0.453951
20.000000 14.000000 20.000000 14.000000 0.342376 0.391121
20.000000 15.000000 20.000000 15.000000 0.285341 0.330768
20.000000 16.000000 20.000000 16.000000 0.210818 0.250389
20.000000 17.000000 20.000000 17.000000 0.143699 0.169543
20.000000 18.000000 20.000000 18.000000 0.091666 0.112154
20.000000 19.000000 20.000000 19.000000 0.042992 0.053116
20.000000 20.000000 20.000000 20.000000 0.000000 0.000000
20.000000 21.000000 20.000000 21.000000 0.045407 0.058377
20.000000 22.000000 20.000000 22.000000 0.086942 0.113244
20.000000 23.000000 20.000000 23.000000 0.130924 0.172180
20.000000 24.000000 20.000000 24.000000 0.177716 0.233252
20.000000 25.000000 20.000000 25.000000 0.222680 0.293026
20.000000 26.000000 20.000000 26.000000 0.277798 0.364827
20.000000 27.000000 20.000000 27.000000 0.314241 0.412943
20.000000 28.000000 20.000000 28.000000 0.370098 0.483963
20.000000 29.000000 20.000000 29.000000 0.410046 0.534129
20.000000 30.000000 20.000000 30.000000 0.473776 0.610217
21.000000 6.000000 21.000000 6.000000 0.989484 1.012618
21.000000 7.000000 21.000000 7.000000 0.908893 0.939067
21.000000 8.000000 21.000000 8.000000 0.837862 0.874201
21.000000 9.000000 21.000000 9.000000 0.773696 0.816521
21.000000 10.000000 21.000000 10.000000 0.697288 0.745444
21.000000 11.000000 21.000000 11.000000 0.601362 0.655872
21.000000 12.000000 21.000000 12.000000 0.537767 0.595791
21.000000 13.000000 21.000000 13.000000 0.452973 0.512305
21.000000 14.000000 21.000000 14.000000 0.391065 0.449480
21.000000 15.000000 21.000000 15.000000 0.333828 0.389125
21.000000 16.000000 21.000000 16.000000 0.259080 0.308758
21.000000 17.000000 21.000000 17.000000 0.191504 0.227876
21.000000 18.000000 21.000000 18.000000 0.139026 0.170530
21.000000 19.000000 21.000000 19.000000 0.089799 0.111484
21.000000 20.000000 21.000000 20.000000 0.046170 0.058377
21.000000 21.000000 21.000000 21.000000 0.000000 0.000000
21.000000 22.000000 21.000000 22.000000 0.042331 0.054868
21.000000 23.000000 21.000000 23.000000 0.087413 0.113843
21.000000 24.000000 21.000000 24.000000 0.135156 0.174894
21.000000 25.000000 21.000000 25.000000 0.181257 0.234664
21.000000 26.000000 21.000000 26.000000 0.237741 0.306460
21.000000 27.000000 21.000000 27.000000 0.275118 0.354573
21.000000 28.000000 21.000000 28.000000 0.332456 0.425596
21.000000 29.000000 21.000000 29.000000 0.373438 0.475762
21.000000 30.000000 21.000000 30.000000 0.438671 0.551855
22.000000 6.000000 22.000000 6.000000 1.031868 1.067457
22.000000 7.000000 22.000000 7.000000 0.952005 0.993906
22.000000 8.000000 22.000000 8.000000 0.881497 0.929036
22.000000 9.000000 22.000000 9.000000 0.817762 0.871357
22.000000 10.000000 22.000000 10.000000 0.741773 0.800281
22.000000 11.000000 22.000000 11.000000 0.646159 0.710715
22.000000 12.000000 22.000000 12.000000 0.582749 0.650629
22.000000 13.000000 22.000000 13.000000 0.498041 0.567148
22.000000 14.000000 22.000000 14.000000 0.436204 0.504327
22.000000 15.000000 22.000000 15.000000 0.378878 0.443970
22.000000 16.000000 22.000000 16.000000 0.304065 0.363617
22.000000 17.000000 22.000000 17.000000 0.236212 0.282716
22.000000 18.000000 22.000000 18.000000 0.183435 0.225397
22.000000 19.000000 22.000000 19.000000 0.133811 0.166352
22.000000 20.000000 22.000000 20.000000 0.089701 0.113244
22.000000 21.000000 22.000000 21.000000 0.042948 0.054868
22.000000 22.000000 22.000000 22.000000 0.000000 0.000000
22.000000 23.000000 22.000000 23.000000 0.046005 0.059060
22.000000 24.000000 22.000000 24.000000 0.094462 0.120055
22.000000 25.000000 22.000000 25.000000 0.141473 0.179814
22.000000 26.000000 22.000000 26.000000 0.199046 0.251601
22.000000 27.000000 22.000000 27.000000 0.237169 0.299708
22.000000 28.000000 22.000000 28.000000 0.295706 0.370733
22.000000 29.000000 22.000000 29.000000 0.337524 0.420900
22.000000 30.000000 22.000000 30.000000 0.403971 0.496997
23.000000 6.000000 23.000000 6.000000 1.075177 1.126328
23.000000 7.000000 23.000000 7.000000 0.996222 1.052778
23.000000 8.000000 23.000000 8.000000 0.926400 0.987907
23.000000 9.000000 23.000000 9.000000 0.863252 0.930233
23.000000 10.000000 23.000000 10.000000 0.787869 0.859154
23.000000 11.000000 23.000000 11.000000 0.692786 0.769567
23.000000 12.000000 23.000000 12.000000 0.629751 0.709489
23.000000 13.000000 23.000000 13.000000 0.545357 0.625987
23.000000 14.000000 23.000000 14.000000 0.483797 0.563172
23.000000 15.000000 23.000000 15.000000 0.426568 0.502797
23.000000 16.000000 23.000000 16.000000 0.351994 0.422490
23.000000 17.000000 23.000000 17.000000 0.284203 0.341620
23.000000 18.000000 23.000000 18.000000 0.231302 0.284314
23.000000 19.000000 23.000000 19.000000 0.181508 0.225291
23.000000 20.000000 23.000000 20.000000 0.137121 0.172180
23.000000 21.000000 23.000000 21.000000 0.090013 0.113843
23.000000 22.000000 23.000000 22.000000 0.046689 0.059060
23.000000 23.000000 23.000000 23.000000 0.000000 0.000000
23.000000 24.000000 23.000000 24.000000 0.049059 0.061144
23.000000 25.000000 23.000000 25.000000 0.096758 0.120887
23.000000 26.000000 23.000000 26.000000 0.155206 0.192681
23.000000 27.000000 23.000000 27.000000 0.193935 0.240802
23.000000 28.000000 23.000000 28.000000 0.253453 0.311816
23.000000 29.000000 23.000000 29.000000 0.295958 0.361999
23.000000 30.000000 23.000000 30.000000 0.363420 0.438115
24.000000 6.000000 24.000000 6.000000 1.121432 1.187457
24.000000 7.000000 24.000000 7.000000 1.043460 1.113907
24.000000 8.000000 24.000000 8.000000 0.974387 1.049037
24.000000 9.000000 24.000000 9.000000 0.911883 0.991361
24.000000 10.000000 24.000000 10.000000 0.837174 0.920282
24.000000 11.000000 24.000000 11.000000 0.742715 0.830697
24.000000 12.000000 24.000000 12.000000 0.680104 0.770619
24.000000 13.000000 24.000000 13.000000 0.596104 0.687116
24.000000 14.000000 24.000000 14.000000 0.534870 0.624297
24.000000 15.000000 24.000000 15.000000 0.477784 0.563922
24.000000 16.000000 24.000000 16.000000 0.403484 0.483601
24.000000 17.000000 24.000000 17.000000 0.335738 0.402733
24.000000 18.000000 24.000000 18.000000 0.282771 0.345396
24.000000 19.000000 24.000000 19.000000 0.232812 0.286355
24.000000 20.000000 24.000000 20.000000 0.188139 0.233252
24.000000 21.000000 24.000000 21.000000 0.140658 0.174894
24.000000 22.000000 24.000000 22.000000 0.096885 0.120055
24.000000 23.000000 24.000000 23.000000 0.049583 0.061144
24.000000 24.000000 24.000000 24.000000 0.000000 0.000000
24.000000 25.000000 24.000000 25.000000 0.048422 0.059777
24.000000 26.000000 24.000000 26.000000 0.107710 0.131591
24.000000 27.000000 24.000000 27.000000 0.147030 0.179736
24.000000 28.000000 24.000000 28.000000 0.207532 0.250777
24.000000 29.000000 24.000000 29.000000 0.250724 0.300981
24.000000 30.000000 24.000000 30.000000 0.319181 0.377125
25.000000 6.000000 25.000000 6.000000 1.164297 1.247210
25.000000 7.000000 25.000000 7.000000 1.087381 1.173660
25.000000 8.000000 25.000000 8.000000 1.019133 1.108788
25.000000 9.000000 25.000000 9.000000 0.957355 1.051113
25.000000 10.000000 25.000000 10.000000 0.883429 0.980035
25.000000 11.000000 25.000000 11.000000 0.789756 0.890453
25.000000 12.000000 25.000000 12.000000 0.727694 0.830373
25.000000 13.000000 25.000000 13.000000 0.644276 0.746873
25.000000 14.000000 25.000000 14.000000 0.583526 0.684058
25.000000 15.000000 25.000000 15.000000 0.526744 0.623682
25.000000 16.000000 25.000000 16.000000 0.452967 0.543370
25.000000 17.000000 25.000000 17.000000 0.385537 0.462494
25.000000 18.000000 25.000000 18.000000 0.332697 0.405171
25.000000 19.000000 25.000000 19.000000 0.282791 0.346131
25.000000 20.000000 25.000000 20.000000 0.238039 0.293026
25.000000 21.000000 25.000000 21.000000 0.190425 0.234664
25.000000 22.000000 25.000000 22.000000 0.146457 0.179814
25.000000 23.000000 25.000000 23.000000 0.098699 0.120887
25.000000 24.000000 25.000000 24.000000 0.048867 0.059777
25.000000 25.000000 25.000000 25.000000 0.000000 0.000000
25.000000 26.000000 25.000000 26.000000 0.059844 0.071817
25.000000 27.000000 25.000000 27.000000 0.099560 0.119973
25.000000 28.000000 25.000000 28.000000 0.160734 0.191017
25.000000 29.000000 25.000000 29.000000 0.204399 0.241234
25.000000 30.000000 25.000000 30.000000 0.273551 0.317391
26.000000 6.000000 26.000000 6.000000 1.215713 1.318977
26.000000 7.000000 26.000000 7.000000 1.140187 1.245427
26.000000 8.000000 26.000000 8.000000 1.073045 1.180552
26.000000 9.000000 26.000000 9.000000 1.012245 1.122878
26.000000 10.000000 26.000000 10.000000 0.939394 1.051803
26.000000 11.000000 26.000000 11.000000 0.846842 0.962230
26.000000 12.000000 26.000000 12.000000 0.785567 0.902144
26.000000 13.000000 26.000000 13.000000 0.703021 0.818654
26.000000 14.000000 26.000000 14.000000 0.642982 0.755845
26.000000 15.000000 26.000000 15.000000 0.586691 0.695472
26.000000 16.000000 26.000000 16.000000 0.513697 0.615169
26.000000 17.000000 26.000000 17.000000 0.446785 0.534275
26.000000 18.000000 26.000000 18.000000 0.394215 0.476976
26.000000 19.000000 26.000000 19.000000 0.344474 0.417936
26.000000 20.000000 26.000000 20.000000 0.299717 0.364827
26.000000 21.000000 26.000000 21.000000 0.252039 0.306460
26.000000 22.000000 26.000000 22.000000 0.207921 0.251601
26.000000 23.000000 26.000000 23.000000 0.159754 0.192681
26.000000 24.000000 26.000000 24.000000 0.109684 0.131591
26.000000 25.000000 26.000000 25.000000 0.060389 0.071817
26.000000 26.000000 26.000000 26.000000 0.000000 0.000000
26.000000 27.000000 26.000000 27.000000 0.040117 0.048172
26.000000 28.000000 26.000000 28.000000 0.102005 0.119216
26.000000 29.000000 26.000000 29.000000 0.146175 0.169443
26.000000 30.000000 26.000000 30.000000 0.216062 0.245613
27.000000 6.000000 27.000000 6.000000 1.249303 1.367041
27.000000 7.000000 27.000000 7.000000 1.174741 1.293493
27.000000 8.000000 27.000000 8.000000 1.108371 1.228614
27.000000 9.000000 27.000000 9.000000 1.048258 1.170941
27.000000 10.000000 27.000000 10.000000 0.976170 1.099870
27.000000 11.000000 27.000000 11.000000 0.884433 1.010311
27.000000 12.000000 27.000000 12.000000 0.823723 0.950218
27.000000 13.000000 27.000000 13.000000 0.741827 0.866743
27.000000 14.000000 27.000000 14.000000 0.682311 0.803941
27.000000 15.000000 27.000000 15.000000 0.626397 0.743573
27.000000 16.000000 27.000000 16.000000 0.553990 0.663277
27.000000 17.000000 27.000000 17.000000 0.487481 0.582361
27.000000 18.000000 27.000000 18.000000 0.435148 0.525094
27.000000 19.000000 27.000000 19.000000 0.385568 0.466054
27.000000 20.000000 27.000000 20.000000 0.340858 0.412943
27.000000 21.000000 27.000000 21.000000 0.293192 0.354573
27.000000 22.000000 27.000000 22.000000 0.249030 0.299708
27.000000 23.000000 27.000000 23.000000 0.200657 0.240802
27.000000 24.000000 27.000000 24.000000 0.150498 0.179736
27.000000 25.000000 27.000000 25.000000 0.100988 0.119973
27.000000 26.000000 27.000000 26.000000 0.040325 0.048172
27.000000 27.000000 27.000000 27.000000 0.000000 0.000000
27.000000 28.000000 27.000000 28.000000 0.062285 0.071061
27.000000 29.000000 27.000000 29.000000 0.106732 0.121278
27.000000 30.000000 27.000000 30.000000 0.177017 0.197447
28.000000 6.000000 28.000000 6.000000 1.297213 1.437976
28.000000 7.000000 28.000000 7.000000 1.224267 1.364429
28.000000 8.000000 28.000000 8.000000 1.159220 1.299547
28.000000 9.000000 28.000000 9.000000 1.100300 1.241879
28.000000 10.000000 28.000000 10.000000 1.029563 1.170812
28.000000 11.000000 28.000000 11.000000 0.939325 1.081262
28.000000 12.000000 28.000000 12.000000 0.879674 1.021165
28.000000 13.000000 28.000000 13.000000 0.799044 0.937701
28.000000 14.000000 28.000000 14.000000 0.740548 0.874910
28.000000 15.000000 28.000000 15.000000 0.685431 0.814544
28.000000 16.000000 28.000000 16.000000 0.614233 0.734271
28.000000 17.000000 28.000000 17.000000 0.548671 0.653344
28.000000 18.000000 28.000000 18.000000 0.496925 0.596110
28.000000 19.000000 28.000000 19.000000 0.447836 0.537077
28.000000 20.000000 28.000000 20.000000 0.403421 0.483963
28.000000 21.000000 28.000000 21.000000 0.356020 0.425596
28.000000 22.000000 28.000000 22.000000 0.312020 0.370733
28.000000 23.000000 28.000000 23.000000 0.263557 0.311816
28.000000 24.000000 28.000000 24.000000 0.213513 0.250777
28.000000 25.000000 28.000000 25.000000 0.163892 0.191017
28.000000 26.000000 28.000000 26.000000 0.103079 0.119216
28.000000 27.000000 28.000000 27.000000 0.062623 0.071061
28.000000 28.000000 28.000000 28.000000 0.000000 0.000000
28.000000 29.000000 28.000000 29.000000 0.044696 0.050241
28.000000 30.000000 28.000000 30.000000 0.115355 0.126421
29.000000 6.000000 29.000000 6.000000 1.330127 1.488057
29.000000 7.000000 29.000000 7.000000 1.258351 1.414513
29.000000 8.000000 29.000000 8.000000 1.194269 1.349629
29.000000 9.000000 29.000000 9.000000 1.136224 1.291963
29.000000 10.000000 29.000000 10.000000 1.066484 1.220902
29.000000 11.000000 29.000000 11.000000 0.977377 1.131369
29.000000 12.000000 29.000000 12.000000 0.918522 1.071266
29.000000 13.000000 29.000000 13.000000 0.838866 0.987820
29.000000 14.000000 29.000000 14.000000 0.781153 0.925039
29.000000 15.000000 29.000000 15.000000 0.726663 0.864680
29.000000 16.000000 29.000000 16.000000 0.656411 0.784417
29.000000 17.000000 29.000000 17.000000 0.591610 0.703473
29.000000 18.000000 29.000000 18.000000 0.540360 0.646271
29.000000 19.000000 29.000000 19.000000 0.491698 0.587243
29.000000 20.000000 29.000000 20.000000 0.447568 0.534129
29.000000 21.000000 29.000000 21.000000 0.400444 0.475762
29.000000 22.000000 29.000000 22.000000 0.356645 0.420900
29.000000 23.000000 29.000000 23.000000 0.308220 0.361999
29.000000 24.000000 29.000000 24.000000 0.258360 0.300981
29.000000 25.000000 29.000000 25.000000 0.208770 0.241234
29.000000 26.000000 29.000000 26.000000 0.147980 0.169443
29.000000 27.000000 29.000000 27.000000 0.107514 0.121278
29.000000 28.000000 29.000000 28.000000 0.044781 0.050241
29.000000 29.000000 29.000000 29.000000 0.000000 0.000000
29.000000 30.000000 29.000000 30.000000 0.070797 0.076180
30.000000 6.000000 30.000000 6.000000 1.380119 1.564007
30.000000 7.000000 30.000000 7.000000 1.310258 1.490467
30.000000 8.000000 30.000000 8.000000 1.247774 1.425581
30.000000 9.000000 30.000000 9.000000 1.191179 1.367919
30.000000 10.000000 30.000000 10.000000 1.123111 1.296869
30.000000 11.000000 30.000000 11.000000 1.035920 1.207360
30.000000 12.000000 30.000000 12.000000 0.978420 1.147251
30.000000 13.000000 30.000000 13.000000 0.900438 1.063831
30.000000 14.000000 30.000000 14.000000 0.844060 1.001065
30.000000 15.000000 30.000000 15.000000 0.790666 0.940717
30.000000 16.000000 30.000000 16.000000 0.722025 0.860472
30.000000 17.000000 30.000000 17.000000 0.658553 0.779507
30.000000 18.000000 30.000000 18.000000 0.608179 0.722351
30.000000 19.000000 30.000000 19.000000 0.560288 0.663331
30.000000 20.000000 30.000000 20.000000 0.516701 0.610217
30.000000 21.000000 30.000000 21.000000 0.470111 0.551855
30.000000 22.000000 30.000000 22.000000 0.426723 0.496997
30.000000 23.000000 30.000000 23.000000 0.378483 0.438115
30.000000 24.000000 30.000000 24.000000 0.329001 0.377125
30.000000 25.000000 30.000000 25.000000 0.279569 0.317391
30.000000 26.000000 30.000000 26.000000 0.218927 0.245613
30.000000 27.000000 30.000000 27.000000 0.178511 0.197447
30.000000 28.000000 30.000000 28.000000 0.115724 0.126421
30.000000 29.000000 30.000000 29.000000 0.070894 0.076180
30.000000 30.000000 30.000000 30.000000 0.000000 0.000000