6.000000 -0.260100 -0.585600 0.516100 6.000000 -0.256933 -0.585856 0.516255
7.000000 -0.307900 -0.555600 0.517100 7.000000 -0.304592 -0.555925 0.517572
8.000000 -0.346900 -0.527100 0.517700 8.000000 -0.343702 -0.527491 0.518541
9.000000 -0.379700 -0.498600 0.518800 9.000000 -0.376809 -0.499242 0.519565
10.000000 -0.415900 -0.462700 0.520000 10.000000 -0.413970 -0.463107 0.520817
11.000000 -0.453100 -0.412100 0.523900 11.000000 -0.455496 -0.414805 0.522472
12.000000 -0.479300 -0.378500 0.523400 12.000000 -0.480923 -0.380241 0.523075
13.000000 -0.507600 -0.328800 0.526500 13.000000 -0.511419 -0.330364 0.524299
14.000000 -0.527800 -0.290700 0.526900 14.000000 -0.531487 -0.292152 0.525283
15.000000 -0.543800 -0.253900 0.528100 15.000000 -0.547905 -0.254997 0.526440
16.000000 -0.564000 -0.201800 0.529400 16.000000 -0.566344 -0.204107 0.527722
17.000000 -0.581400 -0.153100 0.527400 17.000000 -0.579736 -0.155942 0.529297
18.000000 -0.587100 -0.114400 0.530500 18.000000 -0.587919 -0.115945 0.530365
19.000000 -0.593100 -0.077200 0.530500 19.000000 -0.593376 -0.077903 0.531445
20.000000 -0.596200 -0.043700 0.530900 20.000000 -0.596605 -0.044011 0.532017
21.000000 -0.597800 -0.007200 0.531600 21.000000 -0.597848 -0.006993 0.533095
22.000000 -0.597500 0.026600 0.532200 22.000000 -0.597197 0.027328 0.534156
23.000000 -0.593600 0.061600 0.534600 23.000000 -0.594259 0.064276 0.535303
24.000000 -0.588400 0.099400 0.535600 24.000000 -0.589742 0.101142 0.535800
25.000000 -0.581600 0.135600 0.537000 25.000000 -0.582153 0.137540 0.537288
26.000000 -0.571000 0.178500 0.538400 26.000000 -0.571535 0.180062 0.537971
27.000000 -0.563000 0.206400 0.539100 27.000000 -0.563391 0.208039 0.538749
28.000000 -0.548900 0.246800 0.540800 28.000000 -0.547899 0.249649 0.539703
29.000000 -0.537800 0.275000 0.541700 29.000000 -0.535310 0.278165 0.541174
30.000000 -0.517600 0.317300 0.542600 30.000000 -0.514550 0.319081 0.542395