6.000000 -0.249286 -0.595471 0.521007
7.000000 -0.299050 -0.566856 0.519257
8.000000 -0.340191 -0.539321 0.517968
9.000000 -0.375010 -0.512110 0.516804
10.000000 -0.414345 -0.476954 0.515663
11.000000 -0.458570 -0.429120 0.515100
12.000000 -0.485480 -0.394896 0.514400
13.000000 -0.503337 -0.332939 0.530475
14.000000 -0.525496 -0.294882 0.529803
15.000000 -0.543528 -0.257788 0.529829
16.000000 -0.564169 -0.206216 0.530167
17.000000 -0.579377 -0.156806 0.530895
18.000000 -0.588658 -0.116102 0.531442
19.000000 -0.595215 -0.076865 0.532076
20.000000 -0.599315 -0.041246 0.532172
21.000000 -0.601084 -0.003027 0.532974
22.000000 -0.600826 0.032390 0.533660
23.000000 -0.598133 0.070292 0.534739
24.000000 -0.593770 0.108437 0.534754
25.000000 -0.585938 0.146168 0.536367
26.000000 -0.574909 0.190085 0.537433
27.000000 -0.566299 0.219337 0.538252
28.000000 -0.549735 0.262459 0.539848
29.000000 -0.536035 0.292459 0.541828
30.000000 -0.513346 0.335172 0.543886